FORMS__FORM_HEADING_BACKGROUND=231.42857, 0.25454545, 0.21568628, 0|231.42857, 0.25454545, 0.21568628, 100
TEXT_EDITOR__UNDER_LINE_STYLE=0
WINDOW__PERSPECTIVE_SWITCHER_TEXT_COLOR=231.42857, 0.0, 1.0
eclipse.preferences.version=1
